127800.0 301.2
101300.0 288.1
79500.0 275.2
61660.0 262.2
47220.0 249.2
35650.0 236.2
26500.0 223.3
19400.0 216.6
14170.0 216.6
10350.0 216.6
7565.0 216.6
5529.0 216.6
4047.0 218.6
2972.0 220.6
2188.0 222.5
1616.0 224.5
1197.0 226.5
889.0 228.5
663.4 233.7
498.5 239.3
377.1 244.8
287.1 250.4
220.0 255.9
169.5 261.4
131.3 266.9
102.3 270.6
79.77 270.6
62.21 269.0
48.33 263.5
37.36 258.0
28.72 252.5
21.96 247.0
16.69 241.5
12.6 236.0
9.459 230.5
7.051 225.1
5.22 219.6
3.835 214.3
2.8 210.3
2.033 206.4
1.467 202.5
1.052 198.6
0.7498 194.7
0.5308 190.8
0.3732 186.9
0.1 200
0.01 250
0.001 300
0.0001 350
1e-05 400
1e-06 450