5.960e-06 782.84 4.579e-04 5.749e-08 1.413e-05 1.054e-10 3.556e-08 3.983e-13 7.088e-11 1.965e-12 5.579e-02
9.827e-06 618.50 3.975e-04 1.235e-07 1.597e-05 6.166e-11 4.640e-08 3.195e-12 9.089e-11 3.725e-12 6.869e-02
1.620e-05 510.88 3.037e-04 1.836e-07 1.988e-05 4.307e-11 5.997e-08 2.102e-11 4.070e-11 6.934e-12 8.212e-02
2.671e-05 436.32 2.344e-04 2.522e-07 2.551e-05 3.423e-11 7.620e-08 1.118e-10 1.873e-11 1.245e-11 9.559e-02
4.404e-05 368.53 1.792e-04 3.348e-07 3.270e-05 2.916e-11 9.488e-08 6.558e-10 9.029e-12 2.069e-11 1.091e-01
7.261e-05 352.66 1.390e-04 4.325e-07 4.124e-05 2.588e-11 1.148e-07 1.756e-09 6.381e-12 3.161e-11 1.225e-01
1.197e-04 295.37 1.102e-04 6.367e-07 5.216e-05 2.309e-11 1.396e-07 8.794e-09 8.798e-12 4.592e-11 1.367e-01
1.974e-04 274.30 9.335e-05 9.273e-07 6.642e-05 1.994e-11 1.709e-07 2.675e-08 1.902e-11 5.843e-11 1.513e-01
3.254e-04 246.12 8.936e-05 1.411e-06 8.938e-05 1.819e-11 2.223e-07 6.479e-08 5.396e-11 8.243e-11 1.661e-01
5.365e-04 245.57 9.264e-05 1.826e-06 1.199e-04 1.594e-11 3.218e-07 8.875e-08 1.284e-10 1.167e-10 1.794e-01
8.846e-04 250.52 9.747e-05 2.604e-06 1.480e-04 1.316e-11 4.202e-07 9.237e-08 3.262e-10 1.523e-10 1.891e-01
1.458e-03 263.99 1.059e-04 5.424e-06 1.753e-04 1.165e-11 4.909e-07 7.955e-08 9.579e-10 1.895e-10 1.962e-01
2.405e-03 278.63 1.090e-04 2.013e-05 1.984e-04 1.272e-11 6.984e-07 6.875e-08 5.320e-08 2.964e-10 2.006e-01
3.978e-03 257.01 7.401e-05 8.207e-05 2.049e-04 1.951e-11 1.206e-06 8.381e-08 1.812e-06 6.382e-10 2.028e-01
6.557e-03 250.30 5.317e-05 1.364e-04 2.218e-04 1.742e-11 1.775e-06 5.363e-08 1.669e-06 1.825e-09 2.059e-01
1.081e-02 238.39 4.499e-05 1.718e-04 2.353e-04 2.045e-11 2.213e-06 1.014e-08 1.104e-06 4.337e-09 2.071e-01
1.790e-02 222.47 2.988e-05 1.506e-04 2.387e-04 4.554e-11 2.181e-06 6.563e-09 5.766e-07 7.888e-09 2.075e-01
2.956e-02 208.55 2.168e-05 1.234e-04 2.508e-04 2.460e-10 1.626e-06 1.540e-08 2.862e-07 9.990e-09 2.082e-01
4.873e-02 190.49 1.481e-05 9.838e-05 2.671e-04 3.938e-09 1.095e-06 3.879e-08 1.121e-07 9.097e-09 2.093e-01
7.991e-02 183.83 9.620e-06 8.973e-05 2.782e-04 6.036e-08 7.169e-07 7.143e-08 3.910e-08 6.006e-09 2.105e-01
1.283e-01 181.47 5.653e-06 8.169e-05 2.843e-04 2.863e-07 5.188e-07 1.152e-07 1.023e-08 4.757e-09 2.113e-01
1.981e-01 178.44 3.782e-06 7.879e-05 2.879e-04 4.848e-07 4.355e-07 1.722e-07 2.931e-09 5.668e-09 2.119e-01
2.920e-01 176.61 2.402e-06 7.356e-05 2.899e-04 5.783e-07 3.933e-07 2.814e-07 1.455e-09 8.411e-09 2.122e-01
4.102e-01 174.97 1.576e-06 6.955e-05 2.910e-04 6.215e-07 3.830e-07 4.466e-07 9.494e-10 1.455e-08 2.124e-01
5.535e-01 176.73 1.032e-06 6.580e-05 2.910e-04 6.457e-07 3.639e-07 5.971e-07 6.530e-10 1.572e-08 2.124e-01
7.305e-01 181.11 6.637e-07 6.301e-05 2.910e-04 6.568e-07 3.554e-07 7.338e-07 4.562e-10 1.763e-08 2.124e-01
9.559e-01 183.55 4.245e-07 6.073e-05 2.910e-04 6.658e-07 3.475e-07 8.505e-07 3.189e-10 1.748e-08 2.124e-01
1.245e+00 185.04 2.718e-07 5.963e-05 2.910e-04 6.716e-07 3.272e-07 9.896e-07 2.242e-10 1.481e-08 2.124e-01
1.613e+00 187.47 1.724e-07 5.843e-05 2.910e-04 6.783e-07 3.078e-07 1.148e-06 1.566e-10 1.362e-08 2.124e-01
2.079e+00 188.06 1.030e-07 5.723e-05 2.910e-04 6.865e-07 2.950e-07 1.370e-06 1.108e-10 1.256e-08 2.124e-01
2.667e+00 190.39 6.381e-08 5.658e-05 2.910e-04 6.911e-07 2.893e-07 1.513e-06 7.633e-11 1.205e-08 2.124e-01
3.405e+00 190.90 3.709e-08 5.568e-05 2.910e-04 6.972e-07 2.834e-07 1.746e-06 5.392e-11 9.553e-09 2.124e-01
4.325e+00 192.55 2.182e-08 5.495e-05 2.910e-04 7.016e-07 2.802e-07 1.834e-06 3.508e-11 9.551e-09 2.124e-01
5.465e+00 193.71 1.174e-08 5.458e-05 2.910e-04 7.052e-07 2.772e-07 1.877e-06 2.399e-11 6.924e-09 2.124e-01
6.873e+00 193.81 6.395e-09 5.401e-05 2.910e-04 7.077e-07 2.754e-07 1.765e-06 1.624e-11 5.214e-09 2.124e-01
8.600e+00 195.71 3.825e-09 5.354e-05 2.910e-04 7.079e-07 2.738e-07 1.615e-06 1.090e-11 4.863e-09 2.124e-01
1.071e+01 196.41 2.321e-09 5.274e-05 2.910e-04 7.093e-07 2.734e-07 1.479e-06 7.662e-12 4.473e-09 2.124e-01
1.326e+01 198.21 1.584e-09 5.252e-05 2.910e-04 7.102e-07 2.732e-07 1.384e-06 5.245e-12 4.541e-09 2.124e-01
1.635e+01 200.61 1.028e-09 5.384e-05 2.910e-04 7.122e-07 2.742e-07 1.188e-06 3.553e-12 4.030e-09 2.125e-01
2.006e+01 201.58 5.842e-10 6.141e-05 2.911e-04 7.153e-07 2.768e-07 8.422e-07 2.470e-12 2.593e-09 2.125e-01
2.448e+01 204.12 2.336e-10 7.162e-05 2.911e-04 7.172e-07 2.786e-07 5.139e-07 1.422e-12 1.570e-09 2.125e-01
2.973e+01 207.64 7.270e-11 8.977e-05 2.912e-04 7.182e-07 2.798e-07 2.784e-07 6.645e-13 9.350e-10 2.125e-01
3.592e+01 211.79 3.518e-11 1.256e-04 2.911e-04 7.185e-07 2.802e-07 1.757e-07 3.874e-13 5.945e-10 2.125e-01
4.319e+01 217.36 2.526e-11 2.053e-04 2.911e-04 7.184e-07 2.804e-07 1.328e-07 3.250e-13 4.638e-10 2.125e-01
5.168e+01 222.67 2.398e-11 3.554e-04 2.911e-04 7.182e-07 2.805e-07 1.017e-07 4.324e-13 3.588e-10 2.125e-01
6.152e+01 228.19 2.527e-11 5.826e-04 2.910e-04 7.180e-07 2.806e-07 7.867e-08 5.336e-13 2.668e-10 2.124e-01
7.287e+01 233.65 2.733e-11 8.080e-04 2.909e-04 7.177e-07 2.805e-07 7.027e-08 4.862e-13 2.416e-10 2.124e-01
8.566e+01 238.07 3.193e-11 1.114e-03 2.908e-04 7.173e-07 2.805e-07 6.240e-08 4.591e-13 2.256e-10 2.123e-01
1.005e+02 242.53 2.732e-11 1.306e-03 2.907e-04 7.171e-07 2.804e-07 5.551e-08 3.971e-13 2.016e-10 2.122e-01
1.183e+02 246.69 2.278e-11 1.481e-03 2.907e-04 7.171e-07 2.804e-07 5.353e-08 3.103e-13 2.024e-10 2.122e-01
1.391e+02 249.62 1.663e-11 1.775e-03 2.907e-04 7.172e-07 2.804e-07 5.127e-08 2.534e-13 2.155e-10 2.122e-01
1.637e+02 252.76 1.111e-11 2.134e-03 2.906e-04 7.169e-07 2.804e-07 4.408e-08 1.917e-13 2.218e-10 2.121e-01
1.925e+02 255.11 8.079e-12 2.413e-03 2.905e-04 7.167e-07 2.803e-07 4.175e-08 1.647e-13 2.212e-10 2.121e-01
2.265e+02 256.91 5.887e-12 2.820e-03 2.905e-04 7.168e-07 2.803e-07 3.543e-08 1.197e-13 1.858e-10 2.120e-01
2.665e+02 259.71 4.881e-12 3.310e-03 2.904e-04 7.170e-07 2.803e-07 2.805e-08 6.948e-14 1.504e-10 2.120e-01
3.135e+02 262.33 3.322e-12 3.987e-03 2.902e-04 7.168e-07 2.801e-07 2.198e-08 4.100e-14 1.085e-10 2.119e-01
3.688e+02 264.49 2.006e-12 4.471e-03 2.901e-04 7.168e-07 2.800e-07 1.793e-08 2.665e-14 7.548e-11 2.118e-01
4.339e+02 267.61 1.414e-12 5.152e-03 2.900e-04 7.168e-07 2.800e-07 1.568e-08 2.258e-14 5.543e-11 2.117e-01
5.105e+02 271.54 1.256e-12 5.890e-03 2.899e-04 7.170e-07 2.799e-07 1.512e-08 2.075e-14 4.719e-11 2.116e-01
6.005e+02 275.98 1.205e-12 7.590e-03 2.896e-04 7.165e-07 2.796e-07 1.404e-08 1.793e-14 4.420e-11 2.114e-01
6.968e+02 278.64 1.147e-12 9.026e-03 2.894e-04 7.162e-07 2.794e-07 1.323e-08 1.422e-14 4.273e-11 2.113e-01
7.877e+02 279.40 1.523e-12 1.020e-02 2.891e-04 7.158e-07 2.791e-07 1.254e-08 1.119e-14 3.594e-11 2.111e-01
8.672e+02 280.49 1.886e-12 1.090e-02 2.890e-04 7.158e-07 2.790e-07 1.223e-08 7.450e-15 3.959e-11 2.110e-01
9.296e+02 280.79 2.917e-12 1.096e-02 2.891e-04 7.162e-07 2.791e-07 1.182e-08 5.556e-15 4.800e-11 2.110e-01
9.706e+02 281.44 6.129e-11 1.146e-02 2.891e-04 7.162e-07 2.791e-07 1.099e-08 4.998e-15 6.317e-11 2.111e-01
9.926e+02 281.93 3.389e-10 1.152e-02 2.891e-04 7.163e-07 2.791e-07 1.020e-08 4.724e-15 6.547e-11 2.111e-01
